28704,35836,43156,47568
18818,57962,15529,51334
35971,36349,10733,46849
30016,21631,18541,51908
17212,31550,48996,50586
21369,47307,49834,23196
44196,23584,49747,37069
11895,14849,52870,24560
47038,54315,30577,46025
20808,12157,50773,53011
20664,22184,26890,22167
42494,21719,39486,53388
50084,51203,31229,54560
43843,27734,57318,34523
33120,23506,10475,15687
36971,40389,38626,48701
35416,13219,20043,15157
47986,11242,10268,16918
20535,16203,11500,51926
13066,35466,31595,33579
33178,41857,35024,10556
13151,31036,41093,16685
39662,47111,17738,27390
39387,16548,50927,41942
29453,21894,12965,23035
18716,36749,19954,42393
31622,19078,14505,40958
25826,54496,56841,23043
26983,18508,12821,50516
38502,11142,38443,16070
28590,42480,34235,31790
57538,40264,22724,13499
38903,15877,13177,38666
46892,12419,45113,45355
40391,42196,26737,42436
34445,14743,50586,33677
52920,20305,48637,33506
17394,13042,35024,23137
56734,54921,29553,33288
15259,16421,38122,11534
32517,49056,12671,38846
50737,22544,24511,26761
46861,34213,34556,16070
25434,27125,41392,45654
45953,39519,28241,18382
48505,48723,31774,57753
15957,57007,11361,17719
49661,45896,13429,13760
36523,34916,44270,43829
43821,29709,36309,21278
25099,31112,53799,47912
26414,30650,41873,43601
38229,11540,11112,43910
35143,10763,32109,31082
28595,22815,22724,50280
13565,29025,42282,39072
50318,10194,13342,10060
50627,24037,17410,40876
32399,18425,46703,56380
26953,27497,20467,41873
22760,48264,31813,19285
38855,18853,28689,37831
15767,56886,34861,40750
20640,40264,22724,16780
43319,48585,30328,14091
50109,45715,32704,17120
34016,34186,53545,52198
13508,26362,36494,45455
37018,26595,17160,41377
36596,34769,18285,39712
19388,11578,18141,21257
54428,29540,43107,22242
14666,41909,54958,51556
48604,34154,18937,21857
37295,14602,18283,40163
36387,38601,51556,15556
24378,12457,11112,44747
33188,28883,27119,11919
36639,50812,35024,17379
22013,49332,44255,49700
46838,51025,12020,36815
55180,24739,49687,48417
40578,29328,46552,31935
45012,13395,24171,37663
47978,54377,32926,47226
34631,17056,27904,50927
35105,38415,52388,41259
33586,33581,47044,34239
33645,16836,49935,38943
12777,17338,10475,45783
36397,45717,39208,51678
50497,17934,33880,38122
39230,17114,50558,19523
29419,19242,10268,46463
53133,46596,52043,23481
45375,11242,10268,53126
53172,40810,52043,17379
32134,47836,47330,43440
34993,36046,33610,52772
55804,32085,35613,26417
50888,43550,39155,46224
16037,11874,12267,51643
42542,51813,13129,19910
46941,47016,10268,54693
39273,11954,35431,29089
17136,53107,27369,50730
18300,13417,41310,43467
48189,27711,26762,13176
58069,39439,43772,30827
16118,24724,38987,44110
48940,25336,22836,21250
44304,37824,32263,43528
23725,15007,17573,51898
54491,43098,12888,51678
25181,49284,38956,26467
26058,33111,41231,17800
42063,37824,32263,57474
32407,27686,36494,35727
34198,52207,47136,18954
31059,50573,35264,45815
30212,56000,36686,29405
37699,14045,46671,52043
17019,52905,16119,18262
40213,14235,40804,57864
51653,55255,27436,24564
20924,23877,44270,12143
50868,22078,57972,40843
11233,38622,51700,33062
46627,25587,47358,40460
44467,38160,24511,50082
17984,35983,12888,38066
14859,11243,19487,57366
12516,13072,55415,44578
54847,46865,46810,49999
25904,56381,44298,32017
44833,26555,16028,17781
47650,35084,16281,50670
56735,27674,31870,38637
17458,51472,29696,48961
48744,15806,32497,49835
25649,23256,33579,48879
18671,36977,10475,46532
35988,39631,43156,49584
20659,26325,16786,14467
35442,23732,40690,48382
12639,27998,55163,16417
12502,25738,34974,24045
38811,37342,45189,37115
11123,25587,47358,26467
22332,28371,30823,39303
51793,49546,33295,41750
54762,30543,38738,36777
57990,10681,35309,14181
10918,15975,22547,23284
47203,41594,52741,55319
29711,47026,44841,16909
32789,37587,32358,12119
38104,47940,53543,24252
50502,29915,48971,11930
11157,39788,38889,40608
29243,33381,25073,33281
30114,40868,39604,17363
13644,31993,22042,12236
25277,45471,17673,38998
48119,15172,44382,53465
56948,16440,29073,48870
52299,18005,13932,15686
28253,33467,36494,29530
40229,44625,19179,54715
33982,13919,53844,35782
44049,20832,57160,11680
43347,18674,52870,24560
13384,55870,56141,17528
29640,14322,51524,19649
21271,16503,29103,24442
40182,39452,53613,41626
22834,32132,17674,42218
38980,26342,54209,53206
50919,57962,15529,35722
51558,33944,55869,11536
32494,13417,41310,29917
40302,22012,50036,52741
41373,30624,12510,55434
17793,50304,40202,40929
57375,39577,27119,40507
12881,26874,23147,21305
26608,14362,44270,50355
38213,40012,40486,33055
12370,25187,16480,27118
25218,26775,31279,39082
29567,20716,10426,16281
35283,19693,13077,14923
56805,34775,12888,23481
43004,33125,11026,47679
12739,40430,54163,23982
40625,53704,46669,38943
36884,38952,46224,54787
32768,33004,36686,41806
48123,40785,51240,44687
23119,18799,18940,47353
46745,14412,22405,22650
49220,56766,16386,14884
30476,22394,57087,30262
39467,19248,53206,53465
24434,23447,32477,46615
13603,27177,19089,44926
27145,45471,17673,43994
54810,38245,38076,57442
25899,12594,11862,15199
42484,15359,14291,46439
17347,18727,40986,30980
26223,37530,31644,39266
22567,11658,12297,23481
30626,22207,20435,51208
11679,14000,22405,22960
40975,23256,31431,18236
48275,32374,40902,10896
38423,51890,26445,51876
29485,46112,45131,49465
15073,14323,30648,24318
34729,16678,31612,33933
21811,37099,32083,29038
43176,53138,39047,29907
29494,57071,53325,48908
25695,12435,30178,19789
12628,46596,38443,54787
29450,34403,39031,42290
26622,42366,39890,18385
22627,57053,22724,28706
35959,52169,13646,31095
28916,47109,18879,38066
20652,32290,56344,50308
46856,27792,13176,38465
41239,54770,50684,53753
46803,46345,25833,54570
14807,18844,25320,13519
32658,46791,41873,39933
47316,43489,11974,31431
25769,46732,55646,53231
19969,18450,40794,29052
57524,13001,10585,54237
10531,55172,31537,49906
54608,47258,29226,52730
34191,48966,26263,10650
31689,18864,54369,12185
46611,12505,17756,55332
21984,11701,12510,20992
11044,24255,14993,56750
40679,53797,52870,37968
37320,35038,47076,13011
39500,42173,23234,57520
51360,25912,17723,31913
11687,49047,13526,13071
40991,55719,49119,57087
45701,46546,25740,40869
18951,44039,12895,19487
18204,54507,46735,22217
52666,49484,51584,41587
43419,22477,14824,11639
50549,41799,44544,39793
50094,24919,39885,41376
48352,31993,12080,51564
32983,18552,23489,23237
46544,56352,14524,32056
21579,31550,48996,18504
34626,49885,48289,13241
35413,28930,19239,27220
50906,14292,10646,24695
15227,42997,35024,31196
45642,14266,54715,53126
38772,18508,12821,28767
37004,53985,19851,49024
19967,28099,22950,39793
15353,26940,38443,21908
23628,55857,45230,34908
50959,38810,47726,43967
32887,57426,24973,46526
42761,47348,12267,45783
43846,42233,42002,49543
20781,22655,31423,20339
28333,11874,44309,29441
33153,18914,15757,17673
44135,49047,13526,47822
25563,56452,42475,22657
25935,41480,52772,41320
34316,31165,48600,22232
55845,27792,13176,20655
39638,18388,51693,42771
15732,18551,41412,25955
10110,35930,36485,37590
23821,26134,36565,45557
53466,24353,31935,17974
23712,18749,36924,22285
17209,24050,37463,31493
10867,23989,28861,33913
29101,26313,21325,20435
31638,44912,19862,37598
51765,28638,42283,18064
41713,22415,49123,18862
28172,19195,43905,23270
40043,23412,16595,48475
36188,25882,38097,14866
38364,23036,46397,22918
11626,10129,34219,25999
55051,50120,26392,15612
54680,30773,28375,32358
49235,52595,42082,30170
40126,42382,28670,41767
16295,29593,27369,12160
20629,26940,48223,47804
51989,28249,22068,12267
37601,12065,42961,31238
54379,26342,55015,43055
10366,12594,43432,34352
13303,13721,47233,20869
46998,29981,27978,39679
19397,56641,57035,50156
26711,41742,51926,30577
49592,34029,24359,54363
12325,27294,55300,49937
31538,16654,42665,46552
34805,27127,53693,13052
54450,47109,30691,23196
14249,28419,10475,19166
48330,16360,52954,28989
45830,37398,29657,39890
50351,50812,35024,57305
23872,22309,29789,46703
43938,11968,44760,22724
56677,45717,39208,32120
46572,16123,25417,12577
41621,50896,38987,28708
20113,52115,49170,10301
31029,36132,44747,14432
47317,26935,50957,21394
37897,18425,52043,41958
42171,42191,39747,46463
30696,31807,15130,31913
38353,18388,51693,41231
36404,42291,16748,14192
15929,20023,29326,44843
31570,12435,36379,43283
36134,21805,37211,52168
37092,48302,47099,45654
35194,41485,28989,30124
55094,18864,54369,22068
55525,44739,44202,39110
26178,11175,54332,38888
20555,29174,36565,52282
47753,26017,15757,34624
30211,39443,38666,21464
19087,15877,13177,17146
22727,23792,24560,10510
39774,15099,22950,51926
47762,15926,15862,43622
48044,42256,37663,11370
19464,50148,39047,35564
48499,39709,15130,20397
40984,51569,13464,28711
53940,16820,55554,40255
27661,25174,12888,28588
27035,31995,19975,57081
43831,30738,29156,44965
25339,29676,10971,49025
29272,56653,14824,27662
45469,10860,13425,44381
10190,39195,45230,49204
24977,47710,18172,40377
39301,37920,11623,42082
43648,51313,44270,14560
25674,43094,14163,39903
15037,53019,54237,54993
34410,50782,13266,33818
11209,47721,13124,46198
10838,35497,31823,23481
45790,17995,27781,25955
37974,40903,51237,41767
34933,40389,57647,41093
26119,20810,16507,40009
28785,18213,32637,31195
57188,27594,53565,56404
57011,11404,22950,43237
40135,35740,52323,45354
57384,21691,26392,36777
51081,30880,57737,48996
22873,16289,42866,12236
31473,38482,21273,23118
46108,39876,23985,52765
49141,36816,45047,57743
55677,38783,47996,17022
24499,37824,32263,34554
25403,34161,45901,47076
55250,13761,25620,35722
19325,22633,10268,17713
53736,10622,57035,12765
27545,13955,23511,11880
49798,37083,46967,12727
30726,24724,24068,23176
33915,56149,20923,57258
41033,26050,39047,32573
11396,46865,46810,34753
37225,39947,31133,37790
25159,26331,52772,20302
39184,22584,46775,56563
29433,37824,18283,39747
21509,27908,21171,24181
15347,12694,23108,20137
16764,35899,19895,20655
17898,26050,39047,47691
20980,43832,37998,26199
15226,11761,39047,24001
10070,44096,45612,33345
45285,27356,10268,15905
17097,27466,45463,51891
40496,54770,50684,36936
46462,32365,38851,52870
56663,17317,58001,39031
46195,40787,43267,10896
54259,39780,36686,10573
57838,27226,45395,57353
20558,53329,38067,46291
48217,35829,18884,21322
50721,18851,48961,19184
10225,18549,12297,56596
51821,48804,10940,21908
26308,55237,49584,27186
23816,20146,41428,44549
36382,27865,47018,54412
49471,42865,22724,18569
46952,37541,47500,56200
24797,54183,36686,20397
24992,23831,23353,54645
34962,12851,54278,36545
43427,12594,11862,29638
53525,11142,50773,49203
28431,25975,31644,13071
47041,51694,46397,10940
26229,14253,11500,49394
39301,57987,45746,44544
50319,11142,50773,40618
23527,37441,58001,39753
52011,23732,40377,47419
21625,14214,57101,56713
53185,29913,11536,47664
47631,42191,15103,48508
36115,29176,35649,10556
53295,23732,29186,16164
58146,23285,45975,41978
44516,33427,42094,57536
41734,37763,22232,39743
53708,53359,30708,54163
14758,15257,29044,17357
46448,16217,46767,43474
52773,23003,56426,19673
44228,47953,22701,47976
15273,36964,47003,15560
14603,18025,25799,22242
19110,45176,39557,21964
41925,49484,51584,33332
21641,21894,12965,27047
36240,26668,12135,19488
17831,40823,38987,36526
29952,34237,41416,41055
51970,46607,37940,15488
11959,12550,54500,12555
25759,34413,12088,16386
10165,18005,13932,54989
18635,52974,33984,26089
53987,12504,19596,47003
48062,35062,46735,54945
34913,38154,17989,41178
25778,39965,46426,36600
46505,47010,34158,16685
45175,55989,37663,47987
56676,37374,22105,27842
54966,50078,48996,48596
48914,57825,31238,54412
37645,36560,22405,20269
43877,15877,13177,48949
53045,10760,21303,32776
52035,49047,13526,13429
42883,13688,52043,41309
56997,35915,41873,49729
48817,46804,57514,12272
17739,50973,55898,49583
53330,19806,33389,32587
40703,51195,29784,23854
33316,23293,19166,34159
47230,40264,22724,39871
16288,22633,40941,20545
12141,56403,44382,47748
52664,14671,44298,19542
19941,23302,22160,16138
49117,37554,18283,15899
35044,15935,23329,45355
15072,31550,43622,27530
48841,32096,54430,47044
56857,11072,41979,25408
37322,23339,46703,55319
43271,40502,54047,11846
46120,22184,26890,11097
13292,11117,44102,29024
39583,51255,30470,35055
12162,15710,27193,41435
38350,16276,31313,53507
40442,17530,51340,41491
33452,41016,23522,43107
44714,41742,51926,19937
18463,53211,54605,49729
22965,29533,51183,55779
21286,35930,57770,40086
56893,46985,17916,17987
36402,17056,27904,53126
52464,54573,17022,55762
45830,34301,53442,26939
25496,11142,47327,30719
26723,21040,33036,52564
10335,55967,33812,11758
54730,44737,13177,23335
19700,54555,54141,44496
13984,36594,26422,14203
31857,57007,11361,36524
27648,35281,54993,23335
51068,47940,27823,14416
51923,23552,23962,12567
49758,18025,23124,29553
21363,10194,21388,38998
17977,22130,10167,13526
53471,29155,34543,26166
54423,16830,24132,52167
44018,53985,19851,25408
43888,23059,17974,34072
34411,43157,31229,48764
56082,22582,54863,14388
29858,43013,40998,10415
15660,57771,28567,43905
18101,45211,38889,18141
26608,51728,22045,14416
54678,35301,13385,41750
56244,13450,10940,19954
10853,11307,36686,43267
33278,30588,50730,55844
24105,30339,12452,13045
11622,15720,55064,52742
33292,20817,10560,53540
42004,13213,35843,53587
35840,57962,15529,54483
20002,29225,40377,13820
10135,43453,53160,57895
54000,36042,15126,56380
15516,46930,48741,22314
42522,37120,20565,31423
32829,44008,38443,27694
37695,26894,24998,18772
38411,17534,57900,46628
19878,29653,19983,55234
30508,43848,48543,34352
20271,47990,37846,48025
35961,38868,23035,28307
45253,18388,51693,29920
29833,31063,40428,24407
55575,41742,51926,37220
12462,31063,40428,53126
35286,40224,26081,22456
12421,38482,57276,25248
38344,55887,33579,21822
22025,52162,15563,31892
50150,20617,16747,19761
46103,48544,51816,27781
50222,30989,40208,23234
23762,46062,21171,57642
31674,10430,33150,37227
55891,50517,13429,28545
25801,55170,12267,47557
27949,23840,54715,11932
56304,26345,49870,43716
17032,36059,10268,22782
28920,52998,51926,22840
57671,42289,52039,20343
48578,47034,42385,51004
31321,22584,46775,24323
13085,17056,27904,44363
10837,38482,21273,34158
56829,18864,54369,32573
26180,18674,52870,28243
48143,20868,16444,39386
54200,10753,47989,38293
40467,39297,25346,57046
50264,15160,32465,56121
37904,21197,52772,14715
34833,42389,15451,47191
13504,51813,13129,14962
19873,14398,13836,41597
37685,51656,41764,54716
45140,13948,29047,30719
21753,24390,21354,33332
26608,50078,40377,14181
29806,39269,32929,26868
42639,53930,23642,35854
20725,21364,31431,31313
36372,35582,38987,41228
29128,36186,19844,10749
35315,20807,48962,55422
19719,42289,52039,47906
50555,20122,51524,15626
33902,11142,50773,43474
11493,46437,27357,10520
20573,20637,39996,31861
48469,45471,29933,20981
57811,49713,49700,16336
16542,41466,36199,10301
20773,20592,46931,38987
34613,34477,29226,34239
38407,20426,33272,53545
31883,54587,53726,56955
19497,45760,37794,56467
51406,14148,56426,11015
24602,22598,18281,45671
48831,28926,14192,36790
23925,41378,32579,23196
35689,10815,16462,29838
57573,31908,42856,57959
49067,37949,13129,48029
40653,14045,46671,32211
10360,56952,40958,23108
31097,24385,23237,30992
57552,55464,22405,10518
11595,53930,23642,41320
19584,34820,36494,51153
48837,17197,42372,57404
50142,17602,34253,13629
37240,44721,11995,14017
34761,11843,11680,10830
32079,48439,45283,22262
27560,46576,47025,49904
50116,10109,49312,26134
45536,18178,21829,10560
45646,42173,23234,50864
41459,12504,19596,11015
15184,17141,48662,43829
21654,34237,41416,46740
42318,37192,43026,37477
45619,46249,17916,57959
33743,50645,46925,49119
47842,27388,18617,53427
31528,25217,49583,47675
50555,32132,52870,28474
14326,15396,52960,17729
55985,41841,55098,57949
18661,14214,15795,10060
34071,25373,48828,16924
49230,18181,47996,39072
30482,18005,23313,32891
32570,54770,50684,29553
38016,39447,27842,31133
44439,41151,54430,41130
37290,18005,13932,20343
54308,18722,51248,21482
17566,40454,12833,24237
43019,50289,13760,27687
44467,17933,47358,14359
44767,46550,10001,12160
50837,48113,51952,34052
10509,54365,45230,56459
28834,43753,12267,15828
44418,21237,13526,17294
14793,34290,37940,35289
35616,16226,18676,49024
13540,35708,24067,13241
48649,17840,52613,33551
55655,19769,39047,48962
33854,37374,22105,25397
25977,41938,17906,36786
33258,11949,16610,10317
42751,14814,25419,23510
31747,38685,21024,51447
26891,38238,37078,16595
34681,46285,57566,16293
57406,19693,45112,41709
57481,35466,12185,24045
18077,21029,23369,40460
52227,41404,25419,23369
55564,33911,33984,19937
14628,36129,30213,39031
54491,54194,37940,56200
25127,13255,47500,44369
16693,20637,39996,11662
21473,11658,12297,12809
27157,46521,20454,21972
50841,33682,36494,24415
47683,12239,56788,43440
46833,25194,35151,57958
57782,56075,28255,50613
19336,21237,13526,37955
26333,15916,55423,50466
48438,24090,14218,41930
54447,57815,10342,35344
40933,34173,12888,22045
28194,56403,48828,14988
11211,27594,37440,34249
12907,23289,10640,11222
21241,51411,20217,24133
31744,35520,53281,15414
51854,45591,35854,33517
12246,47121,30693,34759
34325,21364,31431,12072
18620,28638,49971,17814
28662,46596,52043,34650
54492,21898,27781,42937
38885,17840,41873,50680
17009,12435,30178,49001
23969,16217,42534,11350
51900,32023,46013,25463
52187,49284,38956,38316
32710,17759,23982,28457
19054,56801,39789,16702
53179,17268,35491,16786
48053,41404,25419,26302
33693,26050,39047,44727
11728,23085,27047,20435
28527,43013,40998,13239
10270,33168,37509,13344
39256,37468,14923,41626
56425,13860,39023,14426
12840,57437,12272,44818
57680,41466,43523,31332
17947,22605,12809,23176
46195,26730,22314,14610
37166,49019,44202,38465
37544,36577,17424,20668
10452,21049,50773,47858
35662,30710,36871,37408
38936,46985,17916,20981
14168,22184,26890,15410
45363,18693,46703,38316
33233,18693,46703,13231
44016,46285,57566,55228
31926,34904,45191,44747
58076,33885,22077,44309
38883,53356,26939,33186
19618,27403,18710,38076
41222,56075,52911,32464
17915,12437,23303,32995
28010,25587,14903,53237
51062,19531,46397,21609
50936,38734,38419,21837
52649,46596,52043,31511
44648,18005,13932,28349
43812,24162,23789,16610
25688,51855,32743,22154
11990,18213,32637,57737
40748,27734,43306,20137
30212,12040,57517,37794
27244,26894,24998,34137
25508,20777,24908,19653
16103,54131,10475,31854
34833,53099,29904,55940
19475,45176,17856,22540
52644,31550,41851,12527
19652,27125,22724,56598
11436,45517,17433,10558
50227,43550,49584,33602
21089,38657,49540,23196
16915,51576,41750,23598
29732,14883,39618,12422
52988,36024,15828,41709
33074,25486,53879,40492
17741,22486,31788,15507
53204,38069,55377,15142
29366,52274,57972,48301
40209,53513,50948,11707
13232,52647,15795,55142
48346,43816,23131,27708
56159,37307,46714,38595
16723,47303,19338,39883
14816,14148,38987,44313
26237,18005,26094,24906
21780,37628,40377,37935
35770,46285,51150,52076
57006,18592,42082,28711
34752,27109,11536,57499
30662,30589,28989,46740
29819,44191,27709,11476
43773,32427,13526,48136
32550,17338,10475,48596
34765,42246,29696,21518
20214,12435,30178,16607
42959,32275,39748,55348
23405,19495,39903,32579
30479,54220,36686,18954
34124,32665,45789,41879
57034,33003,44202,36524
33903,33876,49756,45112
46305,47566,42757,29907
10929,57376,47822,29917
18484,42734,29739,47277
35054,11761,39047,24519
35086,54448,24865,26761
33119,17351,35752,34093
23332,21918,23854,14334
19837,17924,36379,45487
40467,42824,11222,48686
36190,14602,18283,50123
33806,50001,51447,13494
51636,45738,14328,45154
17322,40113,48870,33535
42102,40389,50773,38998
37305,52739,45537,19496
35324,31550,41851,33298
29624,37896,28989,44934
44244,48644,10466,11444
43749,33121,31861,50730
43425,32611,39175,41345
29576,15030,57520,56678
20867,41026,28239,39208
33188,16337,22371,47223
55299,19242,10268,25122
27574,34331,13425,18615
35394,55437,29696,23274
30192,27903,15835,28074
35245,24037,38595,33186
54828,29083,42091,29088
27167,50078,40377,27694
27580,15968,38837,15601
36344,39794,41178,10454
12743,29747,42475,57895
42038,21065,30111,56614
26029,51456,14813,21354
40818,45851,17916,15474
58030,44790,46703,34249
33723,55499,49204,25627
20674,41411,57035,16590
35141,28919,53966,20854
32940,37984,51966,23044
30182,15160,32465,24209
25557,44999,23424,31595
15894,33095,30328,28579
38629,32427,13526,16417
51064,21597,39793,39317
18636,33125,11026,48740
23829,43709,12727,38198
33619,57942,12267,24984
11465,20304,33286,46000
30916,30710,36871,24912
25690,37786,50965,36608
15989,42112,57087,10830
49068,41742,51926,43435
28542,30324,47141,56489
38225,32629,50773,45047
45629,42191,26392,19886
43730,40725,34523,35649
26626,26595,17160,51001
57245,20125,36303,24865
58055,50278,48974,32995
21942,37541,12232,56141
12923,44777,28989,48173
21057,13041,44758,10573
29591,43752,46731,45076
45010,44492,30183,40086
12284,56013,29509,11022
56724,45471,26329,44760
23502,29329,53220,55027
36702,51694,46397,40203
53255,36735,12425,50864
27714,23150,53922,43572
13998,20857,30156,41128
43466,54770,50684,50066
34675,49342,31511,30425
39405,16501,12578,27687
19967,47201,12362,31598
32958,28856,51153,29874
25851,44478,19862,27709
25325,11382,49971,51851
31010,24598,25117,24599
20181,44140,52368,12957
32476,24321,49312,25492
47456,39473,18283,56229
24878,32965,50415,13052
23902,58099,17916,46440
10469,32176,36379,32327
28266,51568,33579,51952
14442,43911,11445,40131
11941,57174,52870,12555
52877,43695,14813,56200
42808,11896,22232,57743
37244,57729,25419,11846
29466,16565,28689,47377
20485,11142,20715,53925
45683,25274,37940,54639
19532,45481,14824,50697
34876,17173,30175,16722
14307,56588,15157,23351
12776,31550,48996,14334
14176,35062,46735,25463
11437,45559,33345,25117
30503,24439,40750,19284
44815,48018,48407,26880
27470,38482,21273,38190
50059,17359,28349,41564
17110,46365,31068,34094
12170,33095,35752,49058
37906,20617,16747,20579
44141,31832,23234,56380
48119,16581,17146,45660
45962,13417,42653,16731
50076,28419,10475,22810
36027,13523,54948,12957
11295,30093,36897,10303
17182,17104,50968,35151
20438,31550,44475,29326
11596,11761,43523,46630
57789,50147,29871,42600
22289,32427,13526,30806
34607,24685,19244,21708
20576,36024,15828,50791
18726,12770,45763,32626
23457,13196,37794,26890
46796,21691,26392,52075
49327,13955,23511,16909
18311,10978,35024,27554
43718,51025,12020,56459
40445,30055,47726,36605
18920,23568,12767,41986
22945,54062,35778,42003
30782,15133,53613,31504
50285,38694,55865,54716
51570,23803,44202,10089
12712,33876,12888,43306
41290,56202,56338,35820
36044,34691,56885,30961
20470,36483,56200,24021
18703,53359,53789,35718
53411,32427,13526,14395
23503,34955,39026,10444
10307,32827,13750,52176
17504,35583,45487,26908
54947,27848,27805,47460
41343,27149,36973,43130
22894,55499,49204,52628
38104,47940,48134,19877
11654,12646,57710,48879
26553,13955,45537,15199
53963,38791,14514,44189
30159,43059,30511,53507
40678,46096,44949,12951
40761,34154,28457,14100
56175,54875,13183,28588
12147,42104,16702,35539
32004,45749,11361,13124
35920,30468,12578,14017
27275,24724,38987,32642
11808,38825,47737,51084
31544,34331,50791,44984
38762,24616,43622,38924
20323,23321,19328,10941
54966,38783,49384,11623
23437,14743,50586,15556
38407,17317,36686,55083
53161,33478,54459,10685
54801,49742,45402,46198
45956,45385,44124,11115
25541,33003,44202,26247
40730,21049,50773,40902
27142,46652,23225,33276
48865,34412,27563,49025
20808,25084,40028,21697
26717,34186,53545,35780
42188,34403,39031,40998
13524,19608,54278,39890
40226,31274,55083,31798
57553,50304,40202,36754
27310,52861,45936,36309
48731,16422,32477,20715
40424,24204,21972,23985
37909,17861,29895,17932
25730,27742,22314,23853
19668,32557,50949,46902
46984,51195,15381,13129
12387,22655,31423,33288
29314,38482,21273,44369
45472,21977,48108,16731
58079,41146,32713,36686
22978,35915,41873,10303
51976,56883,48268,34249
24464,10299,41100,51891
57392,33428,23014,47368
37283,31550,48996,54071
42967,56134,29997,20077
38175,18374,58052,47141
39193,14235,40804,16252
51911,16217,46767,27557
26004,52603,14416,42600
46842,10292,34861,56868
51877,10430,33150,39110
37385,39613,33953,24181
21291,45717,39208,49655
54702,22537,20217,43601
21286,45991,12297,49634
20470,53648,44578,39818
40832,56360,22710,36578
43064,14620,37750,32056
15594,57942,12267,52168
52874,20591,48946,16291
51436,56368,49971,38551
45140,43844,51693,21698
20614,56013,29509,15523
10235,21335,44570,42372
32634,26874,23147,55016
54599,14671,44298,48459
17334,12594,25955,10727
38406,51458,32479,25728
20035,39210,32496,49487
29041,18005,13932,43829
22385,17268,35491,53137
19082,30822,40460,14163
20048,29375,12510,47864
20962,49726,28989,45713
54828,23732,29186,11662
14854,27594,53565,29945
56638,55902,22840,42401
25519,45957,35820,46958
38599,14835,20319,49584
53365,34119,11500,33800
13053,16397,16204,36622
31617,23256,31431,57861
18251,31858,27369,55909
37409,54218,50156,46735
37436,44940,57891,55558
23896,51644,16932,19166
26812,10368,31353,20790
43468,18388,51693,33517
38503,25274,37940,48045
42577,25084,40028,48686
55720,56427,41412,10683
32834,56952,40958,22170
32177,51800,14415,32927
37867,34290,37940,13936
10801,30200,12555,30378
41539,57751,27632,40460
44646,44643,52043,49246
53347,37167,19317,52537
17300,52162,15563,54654
27995,11031,44202,41334
22612,35919,43030,20688
50464,52813,12267,15381
51883,26057,13499,12297
55756,16421,56700,34682
12204,57053,30378,41377
32896,17584,37940,40128
37177,11031,44202,56364
48161,16798,54074,23854
46882,15017,38846,35431
26099,42896,56383,17417
28499,41487,15130,44202
54101,42256,37663,29007
41354,50001,51447,10748
19243,23058,49312,14415
41136,54218,50156,23270
10952,27393,22232,15882
10293,47313,50124,52039
56891,20195,10940,55892
11985,46625,49016,45911
57213,50691,35718,40618
40576,58019,21407,52153
13094,45203,19851,41079
48960,15916,21105,11857
53941,33876,12888,29265
51587,39640,18172,28375
27086,26556,46703,18590
36658,42302,33315,48733
54870,18790,34976,46631
20415,52650,30156,21697
11340,29515,46309,57937
40135,44600,33374,21715
16074,50040,12224,27317
39099,46596,38443,53983
13378,13392,44309,26954
35893,56202,56338,21837
46465,34186,53545,21972
55485,26331,52772,28637
29347,25224,50462,35579
47124,43028,46198,23859
14089,41016,23522,31935
55936,16217,46767,53613
28684,51957,35238,49672
41615,34173,32579,39682
16950,42431,43136,57895
11564,28221,42784,16722
43153,37192,10475,23516
13600,47258,29226,26417
35793,25388,43670,46614
34990,40717,46630,19624
41530,57942,12267,55739
51006,10681,50672,48870
21011,28600,32508,52271
34934,33238,46088,18147
51300,30469,34818,44110
35809,11419,19183,52114
25171,35070,40287,28649
22244,44039,12895,46958
23464,11117,44102,14017
39786,24316,29917,43981
19890,57284,38626,42372
22515,35029,52772,16603
31005,50812,35024,17680
44647,38810,47726,37118
39542,56176,26078,38851
52472,35233,48701,18954
23116,15160,52903,14478
20860,40326,11150,33977
53349,48810,13526,30908
24401,27195,39063,32458
39103,14847,12020,23445
45222,24925,49487,47738
10977,12435,30178,21602
10262,57729,25419,37220
47150,18864,54369,18615
44280,51380,24906,44674
25907,24885,32822,34231
32752,16226,32120,49215
29636,53878,34682,53999
47378,43250,23234,29893
38132,32427,13526,21708
17241,52739,31423,48712
21291,56452,42475,29044
32466,27894,21155,12072
37578,38405,21602,34735
22822,25366,50581,18158
37361,37561,52043,19240
54434,35899,23043,38735
52292,51050,10475,22448
46107,25579,31949,27040
44726,42352,44820,25419
54140,49047,15130,46397
25213,24631,49583,27886
39405,54586,11361,16873
25509,57284,38626,35047
48329,18964,35752,48407
32079,36597,29933,17544
27296,23302,22160,47843
25696,17557,48256,20947
18895,40264,22724,43653
35581,17317,58001,35544
37947,54435,40998,15410
52370,46867,57972,16523
46938,34222,53942,38067
34241,21966,23234,48596
40437,25274,37940,54876
52121,26300,24908,50339
10304,26556,46703,46444
40951,44040,31423,39209
35551,56641,57035,48364
41143,17481,36133,12024
38950,48970,31431,12272
53821,17569,37940,41781
33848,18170,36309,53063
17757,23601,57001,20923
22692,10313,23118,36772
33919,24390,21354,42948
21247,55987,36175,28637
23022,19915,35752,19597
42714,42302,33315,49834
17935,31842,41078,39712
46445,27668,40457,56811
12209,37183,15275,26334
37850,35657,27280,57318
28601,26935,50957,31291
11388,34955,16916,26981
21741,32380,27054,41178
43360,49222,36790,23956
14052,34154,14903,18954
51767,28092,32929,56725
13446,37554,20947,40843
33422,13844,57868,39440
52044,56946,31504,19179
36112,18967,47604,27180
10541,49120,49834,32327
34068,21527,49971,35129
36224,23150,53922,55296
26147,21364,31431,26096
34369,34098,13342,10624
53268,52984,36494,55518
22844,38482,21273,51966
52020,29170,48459,31564
24356,22421,29038,43020
12691,39297,33344,27436
27472,18005,13932,58073
16068,39508,48761,28861
44539,14235,40804,21964
46799,48539,34669,27230
28041,30448,31854,43467
44089,29747,42475,54693
34020,40132,22812,50248
13389,36211,35613,26132
10302,14139,34861,25235
24060,31908,56426,40420
37760,31833,50125,50965
17486,10299,41100,18359
28117,53706,46699,28706
10161,56856,37623,28306
35372,22948,29110,55016
26128,24390,21354,49870
50207,43832,37998,16216
11396,19073,16107,39818
55651,24802,23683,57402
15799,24230,33517,39031
48437,19915,22405,37535
39668,18005,13932,52441
44108,56565,57861,39386
57464,25383,25300,13464
15477,55516,12671,31182
43625,50344,12578,18189
49072,57376,47822,33933
56060,30950,12267,45028
36540,14322,51524,45608
40761,22560,32459,21464
19403,24335,19496,31949
33214,41816,41781,25627
52141,56641,57035,36899
31877,55106,56643,16748
11977,32190,25248,13071
38649,37541,47500,31453
53312,47034,42385,43818
52174,41742,30718,38888
33541,21237,13526,57598
45766,19507,50527,29895
35331,31975,46173,30953
18680,33095,23466,51888
34127,56365,50845,44549
35668,38683,51551,34500
46982,20362,54422,30975
36784,18627,55779,21697
13173,21631,27369,39904
36582,46285,57566,12872
16559,52175,44270,22456
26725,40389,38626,24415
21702,18943,15130,53779
12613,56356,36494,12160
27154,22477,14824,28457
16045,53694,46775,23363
53520,57851,44363,46439
54287,53713,14824,23351
23145,47605,27543,42694
56127,50232,22314,17673
51846,49047,13526,19555
36368,47895,55317,31530
21445,20695,15862,51906
49674,33168,37509,13836
23896,32427,13526,25408
52662,43188,54234,55064
19485,54917,29638,43659
42751,57399,14824,56596
22341,58108,54518,27563
18915,14828,52043,45181
40888,57588,52282,11656
12417,23793,22232,55017
11975,39428,49312,24171
16313,22350,32017,23741
28115,25809,20545,12272
55274,21719,39486,49729
54161,42865,50024,49427
32896,49396,18691,51894
13175,18914,12267,53970
35494,15562,47843,14542
50285,14214,25799,44753
23286,24314,45975,23956
54399,32008,21257,29963
38027,45450,33579,21155
43243,36042,49016,57474
33694,21818,54797,17424
18099,36595,29270,25006
28736,46268,27708,29103
16018,54365,20263,50942
50689,32427,13526,54163
17498,44096,45612,40128
40952,57962,15529,17414
45758,32609,44445,39557
47910,38783,30814,43856
56178,43832,40905,54055
11810,37541,32475,35344
43538,46855,20520,45624
40697,26909,33332,28321
56119,24871,22701,37278
30462,46285,57566,43572
41919,45471,26329,34554
55090,25720,41974,57487
35467,16858,52798,57100
31097,16403,54036,24704
40640,46081,48079,15275
54094,57618,12267,40876
32310,15431,12410,32056
54146,22559,16873,35854
37645,40022,57898,11113
35009,35909,37940,51881
31153,57390,15862,56385
32724,45471,26329,13519
19593,50389,49312,39351
11381,46723,43267,48314
39806,39621,39971,19284
57816,26775,31279,21708
43218,30820,14539,56536
38021,43250,47989,20147
23929,43832,40905,48908
18926,10430,33150,18385
42817,20209,30708,41428
42364,27003,29451,31196
35480,24150,23314,16873
15521,45896,13429,21773
16428,36144,11361,19954
22683,31036,41093,53388
12933,18213,57487,13820
28291,38482,21273,27040
40649,47780,33809,56495
26885,25196,33842,31597
48012,51539,33465,53264
12482,15444,35753,13495
14637,38783,44501,18029
45022,21826,20339,12452
52659,28911,12809,48761
32376,44318,52167,12827
36603,24392,39743,32272
19521,17199,12888,48268
36552,49461,16138,38998
17718,35452,24741,35431
11942,12594,11862,17412
51964,33454,35290,28349
11733,24314,45975,14202
52987,49278,21513,54018
43589,43550,39155,28953
43218,49861,35010,23234
47959,52048,17401,56035
36373,57269,55303,14426
49996,45432,56164,24209
25254,32988,28727,12916
40213,54748,45154,12223
52035,52933,33984,18243
53511,36846,19239,14813
45156,48374,32211,49915
39199,32427,13526,27030
31875,12073,37481,35275
14807,11242,23234,41709
15954,53985,19851,40499
14731,42668,29789,16697
22729,46304,37588,49204
49053,32427,13526,46776
38594,19998,16417,33898
37882,46920,37779,50248
46166,49951,53973,36788
29169,28617,16507,54430
15573,19608,54278,11389
57307,49726,28989,28375
37333,50517,13429,44822
36076,42616,31511,41078
21165,19489,35523,42600
10666,11301,24167,24572
36261,46619,37893,16480
55859,37554,20947,20512
50799,23487,31830,19924
50175,49019,44202,38035
34851,39531,17574,34753
39977,28864,57202,40379
13725,31063,18504,28648
54849,32374,40902,18879
50084,53518,52516,31612
53324,34105,43020,35894
12313,43245,21972,12185
55192,21063,44202,55186
11747,43753,12267,39317
20860,14798,52765,36686
21072,25226,12024,30082
10755,48163,39478,20188
39213,33285,50773,10857
21711,57962,15529,33984
56906,52955,49971,31017
54058,37691,52489,39432
44744,40264,22724,34682
36659,15806,32497,17663
19282,45081,49672,16293
31636,36560,16697,40486
30724,25597,15862,13805
18040,52523,35024,14913
23769,24314,45975,48223
23583,42655,33186,22270
33893,11761,12578,53565
18070,33883,44092,21822
46305,41656,26392,10342
46695,46019,22810,52368
38387,38783,47996,21250
37511,12380,12452,13881
12462,41938,17906,37481
22876,50321,51678,19597
10022,21819,44475,31133
28595,12435,44255,23080
20703,11121,15275,13089
36718,16520,20091,57219
20928,24673,32929,16138
57534,44000,46332,18512
40863,12853,33579,29451
55696,48170,50466,47432
18358,26640,41064,30175
24355,37786,12297,29789
51783,25224,50462,27546
45280,44021,52176,16204
49258,36258,23481,52282
24357,47643,25728,55387
41387,10432,44687,30261
42527,40239,13526,38837
14767,40906,38443,19975
25459,35614,37367,32358
14326,14235,40804,42161
46067,17059,13519,18710
30252,31550,32459,23789
22271,49332,44255,15899
30858,13443,21854,45487
17086,23150,53922,20126
21345,55571,51981,49774
47908,32427,13526,27928
10443,10040,56885,45783
42059,56539,52870,21024
19390,15160,32465,13685
21347,10299,41100,34682
35422,11701,12510,40622
57818,47857,14237,26737
13247,23469,38182,43267
56198,50608,11536,30568
46299,49603,54687,46055
48347,54448,24865,43105
50996,43255,29024,23424
44542,50812,35024,36578
21522,30565,50361,12261
42581,34412,27563,32001
35698,47879,29838,42082
57286,25274,37940,49905
11695,52832,54384,20926
13947,44545,12028,44468
31757,43001,48792,27502
53141,51165,41771,19488
34925,11072,41979,39957
35458,49047,32682,22174
17072,38154,17989,57647
30759,43678,33984,54620
54612,19688,40163,32929
58081,24084,28556,54863
55813,45559,33345,38246
46074,53518,16193,44523
21429,46390,33235,48664
24980,54905,54715,10677
45194,54587,53726,47691
47154,58064,10149,55014
53710,33323,36379,34326
47199,38622,51700,57772
27637,40389,50773,20992
28546,18181,47996,46131
37182,16457,15130,17357
38930,23256,33579,49215
54282,51714,49002,37115
10907,15399,34580,26417
31897,41016,23522,57219
31380,50117,51058,20179
28718,32190,11974,49915
40637,38568,15795,40813
11383,55170,12267,54483
49080,46521,20454,22730
51090,48264,31813,14813
25922,26965,22884,18147
43334,56834,55064,14264
11931,19625,47099,52812
41833,19136,46630,57029
49516,55499,49204,11444
23772,28864,10268,17856
13904,13210,56750,43629
23430,44625,19179,41770
46905,41192,50669,25678
31637,45299,11932,34722
22933,54767,24068,42028
12952,20637,22917,52323
47422,28812,36379,38095
14002,20105,57035,54040
22844,29686,44202,12988
11381,52739,45537,27631
56291,46791,41873,49441
45140,44625,19179,11328
33794,29747,39679,13124
48947,16421,38122,15686
35597,14764,43579,32713
22661,24314,45975,48584
33019,54650,17762,38468
47751,13025,49778,42784
27836,16226,32864,48254
37697,49595,40477,27045
57288,11578,51496,16153
19381,24196,53779,49003
21168,37554,18283,19895
25628,14345,34818,53967
11602,41151,54430,36777
53815,18730,26263,57864
13924,10292,23443,56467
35304,39007,45131,38624
56259,15286,39601,27385
14228,21580,44989,38442
45136,39707,20361,20255
36744,50594,44358,25803
13393,46621,27317,54036
40433,45168,16697,16252
35716,16042,12119,50672
53926,47034,43967,37680
28693,31908,42856,55642
55990,56381,14864,30827
33706,41742,51926,23790
11367,15463,10677,53325
37538,37468,14923,22836
19535,56075,17357,25320
19351,34154,30691,48173
53006,19768,47572,40287
19783,18009,33034,16293
28690,13007,23764,57012
29136,11206,57642,32575
18946,45471,26329,50457
35543,30565,50361,12833
15244,35983,12888,39704
52554,51457,44382,19483
23762,16079,47572,49729
43817,22560,32459,44669
28894,43582,19910,47353
36994,21812,30647,56495
44811,27968,31798,45903
29822,12486,12623,46735
24735,50494,29713,47748
36761,31550,41851,47939
40607,50117,51058,32973
22419,25336,22836,44092
33068,19739,20014,47432
47182,44100,34846,28301
53815,25587,14903,26081
27541,11206,51799,43107
25361,46019,22810,50446
48350,32132,52870,28660
29210,47780,33809,49119
23952,32132,52870,39883
50989,12701,27554,57191
37043,52398,47776,12510
56317,18593,55163,40914
32593,49918,50490,51464
43751,32810,31675,16683
23427,32243,37832,32776
57207,32526,12267,23982
17159,48675,18485,38924
55329,45784,52275,38888
37437,45955,31431,21325
46564,52832,54384,15795
31215,25187,16480,47802
50364,35084,16281,36686
15857,17273,52043,11361
13316,18815,12727,51881
50562,42047,43306,30953
54313,53985,19851,29482
21016,31621,37227,28953
18387,56641,57035,40750
31387,51916,45671,30693
11286,10505,38473,31431
24328,26318,20869,23303
12731,37468,14923,18141
51827,35447,36250,49346
48649,31977,44102,57826
43708,20617,47987,26416
36190,57056,38739,48479
28705,51541,42786,28791
29046,21917,57277,19673
14681,25587,47226,40574
17701,36964,47003,26417
54991,30637,54945,45615
12896,43192,39704,47763
27428,56773,31913,36257
12929,41292,52548,48681
20002,19375,41979,34670
33210,33797,18614,40833
42515,15375,53427,19881
34502,40695,30262,39789
33192,49019,55744,44562
48283,12457,11112,50466
30646,52955,49971,11536
13371,15375,53427,49928
44108,35871,41709,53206
38444,12435,30178,51447
41734,41437,12224,50669
10258,50191,20091,13016
30805,14828,52043,57993
43352,36176,33809,10090
22412,18568,39072,53244
47049,32107,42028,44725
36030,23989,28861,54993
16207,24316,29917,57160
33561,12437,40447,26488
26473,34087,38035,25701
25585,16047,37940,23131
35809,49106,41610,39208
49184,19625,26908,35465
58117,40429,20302,55027
31484,37541,32475,18858
34928,21691,15952,10665
56193,31550,41851,55909
52611,41923,56459,19876
31306,40782,17160,22950
32323,40389,50773,30425
56792,25923,31987,27886
23330,36687,49971,41320
11879,14662,36309,35446
37892,36024,44949,39155
25990,23996,48701,31644
10523,31063,22285,17433
13683,11964,11581,22548
11657,53807,25401,38998
41584,52650,55656,45076
23925,43188,54234,14710
16064,57228,23519,39266
24109,13001,10569,23045
33115,53813,37118,22449
21242,32440,31964,24171
29901,27767,25419,13176
14659,33381,38058,38987
50046,43565,29963,30107
27165,49815,32776,56564
23415,48675,18485,20947
31544,43913,17681,47025
31868,33428,23014,42653
43664,12513,11038,49290
50583,37786,49969,42218
15237,41151,54430,39440
19641,18319,54418,53073
57940,36556,46703,36164
47080,16047,44949,26505
37980,15806,21322,48370
40088,14398,51751,46020
35996,49047,13526,40665
15400,51458,48600,18172
42377,11658,24252,42856
29369,12060,23411,51556
43010,43314,23917,48627
20931,48148,24209,53317
29994,57586,54141,28384
18893,51576,41750,35010
34013,14275,41601,11846
48442,14662,36309,46478
42968,32427,13526,13177
18221,22721,18772,10168
11396,39447,27842,55897
33471,33134,20824,23548
24460,50641,27709,51526
19142,33053,21310,48079
43330,50304,36686,35273
29852,35983,12888,17573
16764,26188,21315,12670
14039,34173,12888,23489
15009,52112,22950,26319
49520,18005,13932,14133
42808,33149,53226,31460
16006,16628,32709,39063
33187,51032,42341,36303
14506,55044,22657,23196
26412,54770,50684,53273
39597,13610,24488,45085
35942,50315,31082,29044
21025,27627,11536,28579
34565,33950,29933,36707
48141,46249,51966,19466
57592,14641,28186,33341
44401,19248,17916,10517
12109,34775,12888,32268
57783,23217,15645,44298
34581,24026,45763,20255
31073,57107,13784,27781
30557,31550,48996,55422
41720,13007,23764,17714
22778,15569,53093,20147
32547,11007,17149,33898
17064,52884,40010,22724
51072,17118,40273,13029
39113,20768,16603,17762
40014,51177,12130,19954
34661,25720,41974,28252
17090,40264,22724,53844
57563,37161,48168,15474
14843,44721,11995,40961
38464,18025,23124,14395
46079,36383,45901,49982
36180,38625,26691,28706
46779,42687,40648,51526
42362,41702,10624,50331
14572,39771,24407,38666
43365,16226,57487,19498
18162,29329,45588,21024
27023,50621,43026,46198
43986,55078,31431,56804
24858,37786,12297,16607
39514,51013,13816,49427
54992,27520,49543,18147
36736,55704,39975,26422
31576,13348,47738,21745
18849,50001,28989,33186
30153,18864,40876,31913
13632,18425,52043,41806
15972,13844,57868,17906
18903,29915,48971,47129
12082,53979,49634,35970
41496,50838,28306,50779
53902,41742,51926,24988
14941,31895,27563,56575
39202,18425,52043,13243
17477,34916,44270,26320
38502,45166,17545,19329
37389,55629,54669,46130
10393,52540,11375,40131
19884,34942,25419,26081
46678,31063,40428,46207
53793,12684,47358,42161
15312,20637,39996,27917
11021,52287,20587,13361
49078,56629,34939,44110
49633,38622,51700,40499
25924,44290,52032,49002
13539,16217,41939,24695
53950,22207,20435,20854
14206,10055,54055,49999
43559,36816,45047,32642
13875,30710,36871,31735
21591,42873,43267,31291
39179,53906,17916,13220
58024,16217,46767,31034
27755,43793,54036,26089
32265,43606,57035,40273
52699,46307,16595,12223
12481,18927,32626,25408
44374,52327,45537,45128
46516,35983,12888,25143
36404,34477,29917,13199
38649,36816,46091,10546
55764,52990,48637,55744
36004,40389,50773,49953
34835,17584,37940,46810
56496,52115,33602,43528
35216,39813,30849,35010
57164,14214,48701,46767
29308,58019,21407,29226
52804,14189,36309,23044
20784,23318,34231,14505
15333,52905,16119,57536
21505,44721,24741,57959
34389,31810,10621,40151
49235,19768,41128,38293
44831,23867,40905,16274
16072,37786,12297,47223
43900,36498,47763,38944
22087,38568,55065,44501
47706,22435,35004,22233
48458,44912,19862,33610
56518,16038,27738,41597
23450,23256,31431,45289
38050,52373,15507,45191
40655,52014,35926,13905
16706,43362,14426,39233
52525,30085,23548,16932
12936,58056,15103,22764
20053,12853,33579,54645
51200,56363,22232,13016
20880,34154,14903,12171
44026,38482,58001,18862
11205,39582,17412,48664
11913,27512,47912,39865
41842,40989,50773,18172
56736,22828,36686,49204
26489,40489,28093,49774
45026,17094,25677,21406
29425,43504,31332,30958
43341,31063,45154,37794
12290,42104,16702,17916
51498,20857,30156,27390
50438,29686,44202,22950
28785,12594,11862,20783
18742,35713,26089,54358
27833,20125,36303,56495
31503,11027,49228,57647
20485,15257,29044,32633
26118,17431,10669,19738
47169,40328,45230,25492
35650,35146,12020,55922
29590,20621,34711,21857
29503,53724,34021,33571
11414,53297,39296,33610
18802,34904,32479,13750
50615,24724,38987,47277
37839,47780,33809,39904
20766,39632,47951,56200
54839,30588,12988,57647
40585,31961,10475,33055
40290,57349,12297,52537
40403,40264,22724,37803
30834,53138,39047,40618
53261,24392,39743,35081
13064,13771,19466,57994
18599,13919,53844,54412
14420,31908,27068,55422
28178,34383,21891,15830
52639,13614,33984,48911
43718,11122,20854,19596
17403,21150,21938,40833
20746,14925,18656,16308
57369,38810,47726,50082
15072,27594,53565,53223
18878,55929,35544,38626
35853,54435,40998,49941
16446,31550,43622,45396
49432,12594,11862,45028
12055,20810,47141,28375
26727,31276,52032,23328
22867,56075,14710,55744
56311,37518,37940,20185
50719,40518,49312,52368
55916,20810,16507,23403
19891,29577,46418,47358
18956,24314,45975,34239
38221,28897,46013,22068
51421,19608,54278,33549
56207,26342,55015,56981
22254,31063,40428,44488
42741,33883,44092,12623
45157,43143,36494,20339
12904,17175,54088,51858
46916,33047,30425,37546
33006,34311,47360,38312
40353,48302,52441,56495
41866,51257,32458,17414
49468,27020,28660,38190
29659,23919,41592,21310
53986,15877,13177,47500
13075,39324,42803,41564
34157,23892,25857,55296
47116,41089,43030,55332
21211,21561,11816,47913
47146,13470,36608,37590
41254,57007,11361,55744
13653,15375,53427,36229
53740,49595,40477,29156
41431,12384,45657,26319
30683,44039,12895,46475
49750,21527,34908,33977
35541,44858,38222,49025
54235,52971,36686,14797
44651,18510,24149,30827
37186,37083,46967,39871
23300,34160,15130,20905
21709,45320,29186,45128
10236,18625,29255,50957
57567,53751,52233,57499
24461,30448,35129,45107
55631,52777,55909,39189
52698,37304,46628,38548
13271,46268,27708,16697
38284,37786,12978,46222
57960,19960,53545,36802
34079,28099,16507,37357
15309,26546,32792,46734
56908,29329,53220,51876
28478,22655,31423,30111
17518,38783,47996,39743
51852,36673,20077,14708
17370,26556,46703,18147
21811,37445,18382,50457
11230,27125,22724,22969
37885,55857,45230,38551
24490,32311,24984,29997
39855,23038,17884,42563
20834,48374,32211,47568
22275,15431,12410,43324
18810,34468,15105,31598
38883,11524,17439,12267
33871,41938,17906,55377
38361,48374,32211,17417
23959,38160,23510,10830
27026,53107,27369,37357
21505,16665,27917,12185
16237,12430,33579,38822
49949,21903,35024,52812
55685,45095,39493,25419
54177,28784,28706,37233
41600,44955,31431,23466
29105,22815,22724,39760
46018,43976,42152,14181
42350,56952,40958,39760
49469,57053,22724,44669
11833,56498,36309,19761
46916,33950,29933,41108
12874,25691,27030,36512
55712,42373,23555,43933
14229,13637,45537,25419
55985,43672,45024,14467
21768,21681,29166,37714
24471,10368,31353,48686
44396,31837,54836,26724
13904,57967,54394,54322
17962,36486,35918,48566
43272,31106,45085,17714
54562,32072,23234,37281
20943,49885,48289,57081
27710,17923,10467,40428
50762,14286,35034,39818
13433,21150,21938,37774
41595,11382,49971,25117
33312,17293,22405,29451
57224,41404,25419,27182
57218,52739,45537,13342
47796,57403,54009,18954
29813,47937,27861,24927
16602,48966,41851,37779
21807,24321,35024,37998
28082,31063,11586,24695
51027,50838,28306,53812
22243,55044,22657,41526
14633,14743,50586,21891
18882,38160,26329,19895
40562,31063,45154,57191
51818,12594,11862,20593
36295,57053,30378,16523
10972,50313,57748,57898
28413,45892,52043,44544
42484,30392,29854,11445
40346,34748,36924,34774
52306,57987,57366,14091
12372,41742,51926,33255
27284,34029,24359,49346
35145,41267,57039,14330
14915,14198,16417,53277
19650,29756,10510,46630
16255,49595,40477,14264
28480,54099,16425,35248
30571,48142,56866,12224
45046,33435,49543,21655
11767,14553,45230,25492
11449,12799,29964,39550
28430,32487,30708,37049
16477,41357,29719,55029
21391,24724,38987,42398
57629,33665,25355,10872
55288,37518,37620,34846
44246,39621,39971,28306
27570,15324,57116,42283
43054,17894,17782,27209
34141,25224,50462,31945
27063,22258,50927,16459
22556,43684,53812,14467
29005,44737,13177,34650
23828,56648,33809,43981
32066,50428,43586,18662
14576,44613,15260,35151
16328,51544,28170,29206
52896,10425,35081,37818
56726,53187,45671,11250
37478,37501,37846,40255
32351,31589,45537,39436
54591,30681,22701,48407
11236,28639,40377,28545
15920,28393,28044,30958
31031,57325,13342,37369
35204,18181,47996,15127
20438,26017,15757,53293
35423,39829,55422,35491
38158,46596,38443,43046
15450,47962,55642,12527
40488,20714,47358,28376
17560,10299,41100,21972
43165,23728,46767,54009
42453,32368,42003,52870
49731,26345,49870,49982
43735,30229,30107,31537
43478,10299,41100,20255
41623,31955,55559,13932
52740,56622,43156,15560
20052,34797,48168,18271
53398,41497,34604,55687
30117,56276,57046,29783
46225,29120,29893,14432
24626,53979,49203,38076
41931,49019,44202,19239
51102,10575,42866,13071
51449,57053,22724,41435
48649,20777,49345,26113
35241,27962,30261,14192
33456,21905,48120,40699
40769,31063,40428,36494
44701,55044,22657,25117
11884,25555,14903,39317
14631,23036,49228,57035
18205,29329,53220,57748
42984,50383,38443,18944
18079,56368,49971,10303
48454,20005,37477,43205
30527,15926,15862,27861
10895,33876,12888,42282
46584,52739,34072,39789
17477,31977,44102,48301
21510,24730,12715,20647
39919,35418,31164,48712
28495,54333,51926,55027
55232,49342,31511,47738
29578,12594,25955,50558
12634,16501,12578,10680
49067,41878,50490,24572
22141,39891,46397,41851
48309,21121,22048,52441
30858,22899,15795,17814
11359,12853,33579,41491
10528,15160,52903,28579
37311,52274,57972,22045
42098,14594,38443,28971
15259,33676,33288,23520
17454,46971,38025,37027
39459,20631,48828,29044
47274,55571,55460,27886
38923,32765,22548,20147
32831,16217,46767,28321
35699,50655,35901,29363
50566,15257,29044,18283
19343,33990,38316,12086
39539,17654,33515,55518
37981,21214,26329,56725
32004,51290,52047,30806
34973,28456,47377,50845
26836,20935,50422,19653
10626,26183,31264,27854
25550,29676,10971,46849
55964,57007,11361,18281
15323,55009,44092,32086
26130,46732,58009,10830
15715,25415,14432,57879
14177,56648,33809,24623
41992,46331,35024,16661
24356,16754,11662,47763
40216,13359,15127,39208
33957,50149,41108,23200
13904,16217,46767,40486
29413,43832,40905,12104
33619,21710,29739,31935
56907,51069,52730,57035
43734,43850,38956,29789
14058,31067,48949,29368
33948,54733,44189,45894
56753,16217,47989,14944
55979,15877,13177,23411
31090,57295,38190,35753
34182,30469,12577,52772
10516,24314,45975,26247
40761,31917,33933,49601
10891,56452,42475,56421
49052,46934,45588,54863
42142,46851,40618,26422
45240,50067,26096,13052
16762,27960,33374,49069
32610,11668,23443,29186
13064,33477,40154,18594
37624,25716,55855,58140
33348,47287,46463,16637
44214,16420,32479,13279
48248,40080,57035,30899
19987,31977,44102,18281
49550,49595,40477,50079
57527,26894,24998,42082
25266,18116,41277,10888
35457,51302,51551,56078
54465,32243,37832,13646
48030,53306,44674,17230
19112,29661,14192,14505
35710,42302,33315,35926
24520,30738,22217,47003
20860,10978,35024,20520
18400,53891,44949,12888
55043,27734,43306,24149
24764,16262,52870,38987
37506,18025,25799,27143
23119,24724,24068,19329
23439,32832,12171,11707
10175,47258,49982,38222
11697,18799,18940,48870
23628,11291,25916,20981
50272,40344,27557,11821
51444,15345,25419,17792
41624,35899,19895,32083
34146,30589,42426,10683
25257,21364,53801,57086
50975,46081,48079,14478
15176,35836,43156,27200
22099,56565,57861,24984
27645,24631,49583,51628
35640,22815,22724,18858
44842,21631,32496,14514
54388,14662,36309,45395
13602,28794,25235,29893
24356,11578,20164,15795
49515,54194,33034,47691
56087,44877,31598,20454
34296,31063,40428,32575
39225,49484,51584,21745